注：采用的数据为：
	对于表1：0~N-1和N个10
	对于表2：2~N+1

第一组数据：
输入N=5：
	请输入N(表1长度为2N,表2长度为N):5
	线性表1:0 1 2 3 4 10 10 10 10 10
	线性表2:2 3 4 5 6
	合并表:0 1 2 2 3 3 4 4 5 6 10 10 10 10 10
	表1去除第一个节点:1 2 3 4 10 10 10 10 10
	表1去除重复节点:1 2 3 4 10
	合并表1去除值为10的节点:1 2 3 4
	表2向左移动两位:4 5 6 2 3
	表2向右移动两位:2 3 4 5 6
	反转表2:6 5 4 3 2

第二组数据：
输入N=10：
	请输入N(表1长度为2N,表2长度为N):10
	线性表1:0 1 2 3 4 5 6 7 8 9 10 10 10 10 10 10 10 10 10 10
	线性表2:2 3 4 5 6 7 8 9 10 11
	合并表:0 1 2 2 3 3 4 4 5 5 6 6 7 7 8 8 9 9 10 10 10 10 10 10 10 10 10 10 10 11
	表1去除第一个节点:1 2 3 4 5 6 7 8 9 10 10 10 10 10 10 10 10 10 10
	表1去除重复节点:1 2 3 4 5 6 7 8 9 10
	合并表1去除值为10的节点:1 2 3 4 5 6 7 8 9
	表2向左移动两位:4 5 6 7 8 9 10 11 2 3
	表2向右移动两位:2 3 4 5 6 7 8 9 10 11
	反转表2:11 10 9 8 7 6 5 4 3 2