注：采用的数据为：
	对于表1：2N个3
	对于表2：0~N-1

第一组数据：
输入N=5：
	请输入N(表1长度为2N,表2长度为N):5
	初始化表1:3 3 3 3 3 3 3 3 3 3
	初始化表2:0 1 2 3 4
	合并表:0 1 2 3 3 3 3 3 3 3 3 3 3 3 4
	删除合并表上重复元素:0 1 2 3 4
	删除合并表上值为3的节点:0 1 2 4
	表2左移2:2 3 4 0 1
	表2右移3:4 0 1 2 3
	反转表2:3 2 1 0 4

第二组数据：
输入N=10：
	请输入N(表1长度为2N,表2长度为N):10
	初始化表1:3 3 3 3 3 3 3 3 3 3 3 3 3 3 3 3 3 3 3 3
	初始化表2:0 1 2 3 4 5 6 7 8 9
	合并表:0 1 2 3 3 3 3 3 3 3 3 3 3 3 3 3 3 3 3 3 3 3 3 3 4 5 6 7 8 9
	删除合并表上重复元素:0 1 2 3 4 5 6 7 8 9
	删除合并表上值为3的节点:0 1 2 4 5 6 7 8 9
	表2左移2:2 3 4 5 6 7 8 9 0 1
	表2右移3:9 0 1 2 3 4 5 6 7 8
	反转表2:8 7 6 5 4 3 2 1 0 9